,totPop_x,observed_Bladder_Per100k,observed_Bone_Per100k,observed_Brain_Per100k,observed_Breast_Per100k,observed_Colorectal_Per100k,observed_Esophagus_Per100k,observed_Kidney_Per100k,observed_Larynx_Per100k,observed_Leukemia_Per100k,observed_Liver_Per100k,observed_Lung_Per100k,observed_Mesothelioma_Per100k,observed_NHL_Per100k,observed_Nasal_Per100k,observed_Oral_Per100k,observed_Other_Per100k,observed_Ovary_Per100k,observed_Pancreas_Per100k,observed_Prostate_Per100k,observed_Soft_Tissue_Per100k,observed_Stomach_Per100k,observed_Testis_Per100k,observed_Thyroid_Per100k,observed_Uterus_Per100k,observed_Total_Per100k,n_5_1_fugitive_air,n_5_2_stack_air,airTotal,n_5_1_fugitive_air_benzene,n_5_2_stack_air_benzene,benzeneTotal,n_5_1_fugitive_air_toluene,n_5_2_stack_air_toluene,tolueneTotal,n_5_1_fugitive_air_ethylbenzene,n_5_2_stack_air_ethylbenzene,ethylbenzeneTotal,n_5_1_fugitive_air_xylene,n_5_2_stack_air_xylene,xyleneTotal,n_5_1_fugitive_air_formaldehyde,n_5_2_stack_air_formaldehyde,formaldehydeTotal,BTEX_fugitive,BTEX_stack,BTEX_total,n_5_1_fugitive_air_dioxin,n_5_2_stack_air_dioxin,dioxinTotal,pctSmoking,totPop_y,pctMale,pctElderly,income,higherEd,unemploy,FIPS,POP,POINT_CANCER_RISK,NONPOINT_CANCER_RISK,ONROAD_CANCER_RISK,NONROAD_CANCER_RISK,BACKGROUND_CANCER_RISK,SECONDARY_CANCER_RISK,TOTAL_CANCER_RISK,Z_1_1_2_2_TETRACHLOROETHANE,Z_1_1_2_TRICHLOROETHANE,Z_1_2_3_4_5_6_HEXACHLOROCYCLYHEXANE _ALL STEREO ISOMERS_,Z_1_2_DIBROMO_3_CHLOROPROPANE,Z_1_3_BUTADIENE,Z_1_3_DICHLOROPROPENE,Z_1_3_PROPANE SULTONE,Z_1_4_DICHLOROBENZENE,Z_1_4_DIOXANE,Z_2_4_6_TRICHLOROPHENOL,Z_2_4_DINITROTOLUENE,Z_2_4_TOLUENE DIAMINE,Z_2_4_TOLUENE DIISOCYANATE,Z_2_NITROPROPANE,Z_3_3_DICHLOROBENZIDINE,Z_3_3_DIMETHOXYBENZIDINE,Z_3_3_DIMETHYLBENZIDINE,Z_4_4_METHYLENE BIS_2_CHLOROANILINE_,Z_4_4_METHYLENEDIANILINE,Z_4_DIMETHYLAMINOAZOBENZENE,ACETALDEHYDE,ACETAMIDE,ACRYLAMIDE,ACRYLONITRILE,ALLYL CHLORIDE,ANILINE,ARSENIC COMPOUNDS_INORGANIC INCLUDING ARSINE_,BENZENE _INCLUDING BENZENE FROM GASOLINE_,BENZIDINE,BENZOTRICHLORIDE,BENZYL CHLORIDE,BERYLLIUM COMPOUNDS,BIS_2_ETHYLHEXYL_PHTHALATE _DEHP_,BIS_CHLOROMETHYL_ ETHER,BROMOFORM,CADMIUM COMPOUNDS,CAPTAN,CARBON TETRACHLORIDE,CHLORDANE,CHLOROBENZILATE,CHROMIUM COMPOUNDS,COKE OVEN EMISSIONS,CYANIDE COMPOUNDS,DDE _1_1_DICHLORO_2_2_BIS_P_  CHLOROPHENYL_ ETHYLENE_,DICHLOROETHYL ETHER _BIS_2_CHLOROETHYL_ETHER_,DICHLORVOS,EPICHLOROHYDRIN,ETHYL CARBAMATE _URETHANE_ CHLORIDE _CHLOROETHANE_,ETHYLBENZENE,ETHYLENE DIBROMIDE _DIBROMOETHANE_,ETHYLENE DICHLORIDE _1_2_DICHLOROETHANE_,ETHYLENE OXIDE,ETHYLENE THIOUREA,ETHYLIDENE DICHLORIDE _1_1_DICHLOROETHANE_,FORMALDEHYDE,HEPTACHLOR,HEXACHLOROBENZENE,HEXACHLOROBUTADIENE,HEXACHLOROETHANE,HYDRAZINE,ISOPHORONE,METHYL TERT_BUTYL ETHER,METHYLENE CHLORIDE _DICHLOROMETHANE_,N_NITROSODIMETHYLAMINE,N_NITROSOMORPHOLINE,NAPHTHALENE,NICKEL COMPOUNDS,NITROBENZENE,O_TOLUIDINE,PAHPOM,PENTACHLORONITROBENZENE _QUINTOBENZENE_,PENTACHLOROPHENOL,POLYCHLORINATED BIPHENYLS _AROCLORS_,PROPYLENE DICHLORIDE _1_2_DICHLOROPROPANE_,PROPYLENE OXIDE,TETRACHLOROETHYLENE _PERCHLOROETHYLENE_,TOXAPHENE _CHLORINATED CAMPHENE_,TRICHLOROETHYLENE,TRIFLURALIN,VINYL BROMIDE,VINYL CHLORIDE
totPop_x,1.0,-0.090421182085,-0.0256761326888,-0.072247302332,-0.0418520979609,-0.148966839117,-0.0786036781469,-0.0715121246613,-0.0908146988702,-0.0552176778249,-0.0544411339122,-0.147613638117,-0.0414336645346,-0.0495555013566,-0.0362251922433,-0.0709349504959,-0.104341764279,-0.0470223737595,-0.0807709732265,-0.108254625567,-0.0248052162277,-0.0798408207192,-0.0159751566967,0.010899250771,-0.0956115123147,-0.130297398109,0.00682727455575,-0.0128732270005,-0.0118383962244,0.0197702875959,-0.00818291411783,-0.00581860101627,0.0023266980715,0.0181600298753,0.0125556127789,-0.00398268349487,-0.00253080689017,-0.0032408608548,-0.00607815272286,-0.00741077717944,-0.00727455729191,-0.0124419850892,0.0421478836488,0.0212487989344,-0.00262273538709,0.00137084716831,0.00112013033909,-0.0149260072286,0.00709754703449,0.00634414832222,-0.120903395076,1.0,0.0150751805736,-0.109914967499,0.13401525217,0.103998816906,-0.074150462577,0.0393556719956,0.966539433612,0.0118473104695,0.0786071745191,0.114087823741,0.166622123647,0.0987986783227,0.0834072856803,0.133585651436,0.0225428259855,-0.0282726656752,,0.0223528084203,0.154185398533,0.107983657367,,0.110401337973,-0.00323215048689,-0.0204143864253,0.01936497364,,-0.000760522113139,0.103744557934,,,,-0.0248380025667,-0.0210172300517,-0.024166228614,0.122191926643,0.138138624117,0.00742046821125,0.0618012147728,0.0115453995917,-0.0475592811821,0.135479527113,0.146423856405,-0.098251324676,,0.0641475381252,0.191007805696,0.0949666669192,0.0302951155317,-0.00528171162974,0.124211823038,,0.0107959865201,,,0.061697460693,-0.0236814698307,,,0.0134280917312,,0.0378830193564,-0.0043297473016,0.131593596477,0.0122222819575,0.0949566505061,0.0452837750186,,0.0148766228593,0.137577988357,,-0.0462081747732,0.0134338842449,-0.0245608035011,0.0316078798954,0.127532716767,0.172584028045,0.151570653895,-0.0250009341349,-0.0250238842405,0.122656760409,0.0820660929411,0.0124970634344,-0.0203441940543,-0.0652575710042,-0.0250023958698,-0.0255043175263,-0.0851858394867,0.0777367870284,0.0230592296953,0.0914939065319,,-0.0163109667738,-0.0735617844886,0.00689357432081,0.0151951061153
observed_Bladder_Per100k,-0.090421182085,1.0,0.0526180352736,0.466083003032,0.631286411393,0.621042165973,0.297143074263,0.488843736455,0.332779370711,0.46379253274,0.23472278715,0.653721361846,0.267144918897,0.504000274114,0.297733509105,0.250313789899,0.658216448667,0.328963656811,0.51534469817,0.536544777834,0.231496772847,0.170776970207,0.137305547568,0.294721457029,0.359506515936,0.790178989079,0.0284431985504,0.00756549965239,0.009984311437,0.0143197486467,0.0167130509312,0.0172514147498,0.0326541801966,0.0135111095794,0.029948993622,0.0225553358407,0.0227098110157,0.0226467445872,0.0408862137113,0.0188544071486,0.0239333400434,0.00288490108149,0.00848611777252,0.00752066475772,0.0292792675358,0.00448234337227,0.0062177074101,-0.0185579641661,0.0114337846482,0.010461738067,0.169962803385,-0.090421182085,-0.00599449860924,0.445912284762,0.138538197331,0.181141130895,-0.22367895325,0.0528305908477,-0.065961619367,-0.0705681047363,-0.247257630297,-0.151653446009,-0.240068571979,-0.245099095387,-0.336224058091,-0.283099044538,0.0389252213576,0.0303687484969,,-0.0971395464456,-0.276497960734,-0.36488348618,,-0.321878765277,0.0132459025583,0.016214257429,-0.18893357044,,-0.0203454750886,-0.352986702813,,,,0.0945073534811,0.0152388683125,0.0927811582368,-0.314304493686,-0.356324862581,-0.00956099267293,-0.0763847752098,-0.180182282817,0.0375692405195,-0.220952778959,-0.232878529759,0.203274215511,,-0.186665605211,-0.276675197661,-0.219217160779,0.00620990629642,0.021479774088,-0.223166958179,,-0.158375902313,,,-0.151778235611,0.114360404806,,,-0.0728574435974,,-0.207350056439,0.0207219659028,-0.240520630854,-0.0190592146931,-0.193679693391,-0.318792909663,,0.0576779205816,-0.297567705066,,0.122431747351,-0.0738163762336,0.0950345891076,-0.247845717696,-0.340575823636,-0.269199708832,-0.268055480056,0.0974575915478,0.0974525267255,-0.297826771103,-0.138930521342,-0.172197613245,-0.0056433622577,0.130755446725,0.0974679100033,0.0984516127224,0.176344915282,-0.290543376784,-0.187263082629,-0.299238291383,,-0.199963673994,0.049214597773,-0.0116616670919,-0.186716080021
observed_Bone_Per100k,-0.0256761326888,0.0526180352736,1.0,0.0210073747182,0.0530159454611,0.0681647324248,0.0413125546649,0.0420320552567,0.0127991870814,0.0677086554377,0.0119217807241,0.0524215845842,-0.0255250986778,0.047104627937,0.027368362954,0.0170896717815,0.0284778901567,0.042165205752,0.0911255670248,0.0392036137228,0.00537388293988,0.0179925577563,0.07241986072,0.0805553665844,0.0583133604364,0.0773088465987,0.00703042173359,-0.0101809550522,-0.00921043175432,-0.0145517448484,-0.00942622362125,-0.0103652511673,0.00995518898115,-0.00787084634782,0.00186450201908,0.027243665707,0.0264065452388,0.0268294970845,0.0212890164319,0.0220893584394,0.0223602425726,0.0528897738489,-0.00386376744479,0.0291823154443,-0.0139802800375,-0.00775770538976,-0.00828435419146,-0.00633246831459,-0.000585902681156,-0.000856840761584,-0.00511916203194,-0.0256761326888,0.0156398775947,0.0664610979181,0.0160208380966,0.0115977947963,-0.000631359090858,-0.0141885458586,-0.0162860058498,-0.0144212994725,-0.0145813844507,0.0103608183732,-0.00817966685504,0.0284517289552,-0.00600475584115,-0.00253416868481,0.0129831735413,-0.00590715960573,,-0.00200606520522,0.00496392715416,-0.00408565735292,,0.011827492905,0.0255335482088,0.00707171160211,-0.00949237040856,,-0.0096721291524,-0.00335909531815,,,,-0.010085630859,-0.0185634277724,-0.00969306114563,-0.00294686249839,-0.0036335048577,-0.011946543691,0.00660408620456,-0.00525997580364,-0.01133740029,0.000102776696111,0.00802745949233,0.00358161940236,,-0.0184569880275,-0.00567498516347,0.00152021754382,-0.00404018183155,-0.00967866589926,-0.0114329291477,,-0.0182560353082,,,-0.0198346526354,-0.00606650719154,,,-0.00130474952312,,-0.0192295332754,-0.00182102006098,-0.00361972499725,0.00303702796309,-0.00442958927828,-0.0031053645394,,0.0117616903248,-0.0036179741824,,-0.0143029682295,-0.000703603431064,-0.00997946273637,-0.00594538137428,-0.00490566216821,-0.0030300353561,-0.00509865705101,-0.0102697289688,-0.0102887261497,-0.00407914346493,-0.0169743401886,0.00265840120523,0.00494138441503,-0.0173119913705,-0.0102694623578,-0.0103767523205,-0.0164368436776,0.0103793431077,-0.00777351100391,-0.00230577256661,,-0.0137041892417,-0.0105977989519,-0.0137242980498,-0.00688751380709
observed_Brain_Per100k,-0.072247302332,0.466083003032,0.0210073747182,1.0,0.420469265691,0.437979260787,0.169629168261,0.332837727176,0.293485954668,0.332142981472,0.202278304511,0.468634288872,0.219923022213,0.327342402401,0.278252923594,0.0918412296466,0.43382444051,0.203315576596,0.405727288249,0.340667691342,0.1115425304,0.143265155436,0.0920497303222,0.141325564848,0.239794282968,0.538981785131,-0.00339623917187,0.0117965699658,0.0111150294366,0.0475895312345,0.0439139990149,0.0463062734351,-0.0177881474124,-0.0128717724922,-0.0196546240733,-0.00115309910245,-0.00119037023293,-0.00117282427321,-0.00409957947187,-0.00790608901182,-0.00725180784841,0.0329918225016,-0.00277561928838,0.0179543318189,0.0167992966485,-0.00991065431975,-0.0082440066164,-0.0133013394256,-0.00353480481039,-0.00407271701054,0.0813206766236,-0.072247302332,-0.000352500717054,0.204320830087,0.0807133987891,0.118050743777,-0.126668024844,0.0235856972577,-0.056353158671,-0.0417899581666,-0.0923934462612,-0.0775566756573,-0.091150533963,-0.119016449437,-0.13783858379,-0.118639334375,0.0194058104142,0.00637658380124,,-0.040495193901,-0.122233185974,-0.156063288492,,-0.140912391101,-0.0129053580256,0.0101519044786,-0.0738910448269,,-0.0167991910403,-0.150081002017,,,,0.0410016872653,-0.00312483160129,0.0397168660343,-0.131734154055,-0.154899161405,-0.00689374573853,-0.0359362653241,-0.0744008541899,0.00680912912266,-0.0940139668963,-0.102589952431,0.0912106221149,,-0.0777494073766,-0.110834659197,-0.0930286244884,0.00871854502682,0.0102087372904,-0.0864742477982,,-0.0798497194132,,,-0.0714468820034,0.0362846280729,,,-0.029300147029,,-0.0675628608057,0.000700337659786,-0.0957638216035,-0.0102468216662,-0.0737579871908,-0.139095300479,,0.0289808212117,-0.123183213622,,0.059707034698,-0.0298257164006,0.0401465050563,-0.101174855032,-0.14659304589,-0.111367144611,-0.121157447189,0.0406832873736,0.0406673534277,-0.121908002767,-0.0485619867754,-0.0729158440667,0.000788477199445,0.075274661523,0.0406838270259,0.0411561687549,0.0843801855437,-0.129829286553,-0.0757327158202,-0.124521984888,,-0.104909298609,0.00885644373082,-0.000348581296728,-0.075072821803
observed_Breast_Per100k,-0.0418520979609,0.631286411393,0.0530159454611,0.420469265691,1.0,0.629625990093,0.283780686668,0.503096696441,0.316552617755,0.478545826239,0.248274729222,0.610982580471,0.263722781659,0.533909156599,0.300238709116,0.290886425741,0.676929523608,0.378707511284,0.467632833087,0.625683259916,0.269503967158,0.230358661641,0.171221888359,0.363556842591,0.405588390667,0.836804139124,0.0140652614794,-0.000727114062526,0.000607171018948,0.0101250995839,0.00511051996051,0.00583900182961,0.00667169517011,-0.00468907607812,0.00160450548487,0.0258584871043,0.0255986430425,0.0257393801519,0.0279699891929,0.0206683396532,0.0226398999447,0.00490111126493,0.00927140841114,0.00926889012992,0.00385350508058,-0.00644157890156,-0.00583522224155,-0.0223275226916,0.00160920706463,0.000604159927325,0.0298899357329,-0.0418520979609,-0.0674840940514,0.444592317143,0.284664775789,0.325636550657,-0.251317722579,0.091952013643,-0.0125247452776,-0.0656413857535,-0.21266565605,-0.0826788268408,-0.156135352643,-0.156145591433,-0.243709421671,-0.201183116572,0.0427313459884,-0.00424322242391,,-0.0793757495714,-0.173201177257,-0.292214561581,,-0.234417080853,-0.00752938543271,-0.00589255910932,-0.178051917609,,-0.0238439815256,-0.287851328028,,,,0.0484563931485,-0.00773655243837,0.0474862756528,-0.220540760723,-0.291844929312,-0.0235496418821,-0.0354144280137,-0.178000570744,0.0191648389098,-0.149845497211,-0.155241094662,0.122026846973,,-0.159206692203,-0.19419437586,-0.133499171283,0.000818580909617,-0.00733199853419,-0.16711036756,,-0.134465708982,,,-0.129634407155,0.0604595393188,,,-0.0659781907452,,-0.191003015906,0.0372373924477,-0.168515725287,-0.00835422676518,-0.121334230936,-0.234581263228,,0.0537626974088,-0.203672203135,,0.0585578481912,-0.0677833807811,0.049045599857,-0.19718679489,-0.277657904831,-0.173252825595,-0.191298522136,0.0507514778934,0.0507591378811,-0.223805421772,-0.114343119472,-0.160010032193,-0.0481406056822,0.0538824922352,0.0507717390178,0.051210473069,0.0783844675281,-0.177276709003,-0.177929047402,-0.214413226191,,-0.166485485598,0.0161001373302,-0.0228363542504,-0.174075105431
observed_Colorectal_Per100k,-0.148966839117,0.621042165973,0.0681647324248,0.437979260787,0.629625990093,1.0,0.31218588406,0.503259344219,0.416923567845,0.451671725398,0.333665004427,0.665341130845,0.26778124014,0.472336560442,0.348960375183,0.253403255181,0.635721992462,0.364512275481,0.503737602911,0.521849233374,0.245698856065,0.321442625626,0.112160259616,0.304922718091,0.411141694039,0.814446818624,0.00023801146386,-0.00514856803815,-0.00496715889394,0.010608214469,0.0172783802096,0.0174232346602,0.00206644267983,0.00791676316254,0.00617470395916,0.000365472617104,0.00109597315799,0.000740001873735,0.00589011249494,-0.00409312933322,-0.00204439567637,0.0148435036624,-0.00035161249176,0.00868954884996,0.0414718851569,0.0175712605012,0.0194260427092,-0.0242061214846,0.00644662196269,0.00529335667346,0.0936031361329,-0.148966839117,-0.0748435209841,0.454662462454,0.00498340015758,0.0437426315981,-0.0919056661361,0.0086626877261,-0.116925993851,-0.03623808422,-0.152369575092,-0.0717391360783,-0.141833948313,-0.124982220337,-0.171769919571,-0.156743046558,0.0159394210713,0.0133558592187,,-0.0319905267863,-0.145471694077,-0.191911030613,,-0.161064210386,-0.0285182699588,0.0134918828004,-0.123046822887,,-0.00730596528708,-0.191841749864,,,,0.0488704772708,0.0205000696479,0.0482009394672,-0.16582784664,-0.193353175585,-0.00617603279597,-0.0345623261632,-0.116604962483,0.0332827246914,-0.148014822921,-0.130740795976,0.0808656866661,,-0.129308043413,-0.172953862312,-0.0949051826313,-0.0153095648697,0.0205418106043,-0.15155948255,,-0.0936250419473,,,-0.103090703372,0.0535944472605,,,-0.0222204759301,,-0.12665466616,0.0230434112914,-0.133417325114,-0.0112612447089,-0.105235772636,-0.145258313027,,0.0220817325784,-0.161157636179,,0.0704638938834,-0.0230175545632,0.0488721219735,-0.138170470202,-0.178641925341,-0.137344393356,-0.170532263326,0.049618787426,0.0496416742307,-0.162667632299,-0.115056183989,-0.0978371129433,-0.0216958512255,0.0770406188208,0.0496442790632,0.0502253382776,0.099658558538,-0.130152815456,-0.124729694283,-0.159707715997,,-0.123674127462,0.0158513457885,-0.0295226591335,-0.117223478362
observed_Esophagus_Per100k,-0.0786036781469,0.297143074263,0.0413125546649,0.169629168261,0.283780686668,0.31218588406,1.0,0.25638266558,0.195436275038,0.207619609603,0.125422701647,0.366411631885,0.21130567643,0.24160106674,0.13239124512,0.15041538621,0.323636337761,0.137405665495,0.227833014513,0.280010615551,0.0872058471238,0.100552116023,0.0703059203367,0.131900858737,0.238005918623,0.402297438192,0.024122296038,0.0158491223599,0.0176087867256,0.018403057279,0.00775415541006,0.00915780409823,0.000680648540238,0.015415261046,0.00979531911177,0.0286901854859,0.029273592417,0.0290047240928,0.0265455505412,0.0266622024847,0.0271704333071,0.0592747892271,0.00612778308657,0.0398348035167,0.00988498430911,0.00851264553973,0.00872228874655,0.00687855331652,0.00712048831597,0.00732701069229,0.151927757207,-0.0786036781469,-0.0112158981964,0.253712742477,-0.0146461813872,0.0330350805501,-0.0474155635131,-0.00480231823744,-0.0531480091173,-0.0386796491182,-0.150606888386,-0.102284160234,-0.143942520421,-0.189492548483,-0.211153566365,-0.180080456652,0.00882992245747,0.0215255075183,,-0.105877931027,-0.170580379153,-0.2263009596,,-0.209806213492,0.00112413259372,0.0661917268698,-0.101915462783,,-0.00639353818861,-0.215643878852,,,,0.0659580868364,0.0509955054196,0.0645659279682,-0.198278711147,-0.214396186687,-0.0027145471516,-0.0722259750921,-0.105333736061,0.0708793337503,-0.144779946743,-0.147938611239,0.144930432539,,-0.10277555274,-0.16347248899,-0.169203455624,0.00331155140019,-0.00714059237627,-0.125853123996,,-0.0698012586641,,,-0.100173493181,0.0821758539449,,,-0.0847275052667,,-0.143098087973,-0.00239312220431,-0.157733851614,-0.054247370613,-0.153097851653,-0.212490354374,,0.0221566310232,-0.188031146555,,0.087213078756,-0.0854579334536,0.0655378563376,-0.127694299276,-0.203613719301,-0.173975072618,-0.165746408409,0.0665952597633,0.0665972197343,-0.193540699191,-0.0837348224465,-0.120518710834,0.0131100438948,0.109402932139,0.0665955439777,0.0673295615829,0.125444557898,-0.238139824066,-0.106066062717,-0.206366538805,,-0.121518836643,0.0322659544064,-0.0170101053768,-0.106384955685
observed_Kidney_Per100k,-0.0715121246613,0.488843736455,0.0420320552567,0.332837727176,0.503096696441,0.503259344219,0.25638266558,1.0,0.28471700726,0.331241578411,0.228367495461,0.530746557643,0.280656464975,0.408535351472,0.269953807164,0.217166508507,0.477660537659,0.28723626437,0.359043157558,0.39482325684,0.165059360653,0.196268393275,0.129537576852,0.263133660111,0.374751905983,0.632731178918,0.0202771315467,0.00734007296976,0.00900424533092,0.0295326722335,-0.00183244874102,0.00116045081796,0.0131486743278,0.0200991645953,0.0209426515042,0.00790177577827,0.00748503476969,0.00769251683797,0.022502717872,0.00609496169473,0.00971850280389,0.00382975729003,0.000762695547198,0.00282377843744,0.0340750821614,0.0139919793421,0.0155398853345,0.00951918629872,0.0234649328578,0.0235664750445,0.0775022763593,-0.0715121246613,-0.0278364427352,0.306337933736,0.0858194326392,0.101715056439,-0.138176115237,0.0493462192367,-0.053070244053,-0.0535273185156,-0.186026335429,-0.0607967032965,-0.1663778313,-0.148004737587,-0.220721335997,-0.182906775262,0.00829537662549,-0.0186010051105,,-0.0805571938291,-0.165484701711,-0.244983186064,,-0.198936496814,0.00504154707485,0.0191686688652,-0.143234395074,,-0.019131367193,-0.24003941618,,,,0.0173566914463,0.00263192467822,0.0167647007416,-0.200442105666,-0.24003222593,0.00502973728962,-0.0573496842133,-0.1411806585,0.0295374707305,-0.155706251805,-0.139465409396,0.120010744701,,-0.155480396631,-0.195281352915,-0.135317332829,0.00387416334569,-0.0261465735585,-0.167172594911,,-0.127057916339,,,-0.109938513807,0.0266742838063,,,-0.0545769836324,,-0.139181013637,0.0243955233451,-0.154262281414,-0.0466335361367,-0.145564240964,-0.207588006318,,0.0203926529957,-0.189619450997,,0.0348520264452,-0.0564219910275,0.0176865603906,-0.146251184282,-0.236618237767,-0.167096931751,-0.179654521108,0.0186839174507,0.0186753330706,-0.19271483857,-0.120211077561,-0.128580468106,-0.0501671851254,0.0677635489575,0.0186882677446,0.0192094651581,0.0861075142525,-0.173459588729,-0.14334602576,-0.19904981764,,-0.140049098973,0.00344026201371,-0.0187382440725,-0.143598883399
observed_Larynx_Per100k,-0.0908146988702,0.332779370711,0.0127991870814,0.293485954668,0.316552617755,0.416923567845,0.195436275038,0.28471700726,1.0,0.227884908998,0.252244611112,0.497154598954,0.215583048988,0.196276534644,0.298168143815,0.148862646089,0.322021229108,0.159774388167,0.278435264118,0.219824371078,0.0702065831189,0.171440017162,0.0690055094358,0.0611489100967,0.186625770252,0.445219728127,0.00175013740057,-0.0132531725997,-0.0126801131568,-0.0122529413596,-0.0120412915964,-0.0126191320412,-0.00323284623505,-3.21381832838e-05,-0.00217388895447,0.00330205908442,0.00295921216697,0.00312816738792,0.00568835658627,-0.00320512265297,-0.0013712049731,-0.00988352781214,-0.00560239245243,-0.00976483975976,0.00345171808622,-0.0122938020571,-0.011399993228,-0.0109686184025,-0.00823315813813,-0.00860473609606,0.146950663178,-0.0908146988702,-0.0127591021576,0.145934754653,-0.105373292626,-0.0765198501401,0.0410223599618,-0.0411987137108,-0.0711010301712,-0.0146913023137,-0.061476325419,-0.0540369731039,-0.086332207845,-0.118933446268,-0.121385384121,-0.0953548736298,0.00270521485343,-0.0069553609115,,-0.0490625603439,-0.0929073372593,-0.112340440346,,-0.108772964587,-0.00249689296568,0.00807921749295,-0.0546208988673,,0.0315466796348,-0.110427776365,,,,0.0131285412453,0.0388789066533,0.0127530883638,-0.113942880151,-0.105903860115,-0.00394516237179,-0.0462851116612,-0.0555457542413,0.0525832891433,-0.0944584388944,-0.0763163160736,0.0921151560133,,-0.0774618759681,-0.0921461921718,-0.109385131232,-0.0115842280548,-0.012165735699,-0.0848675337961,,-0.072365934557,,,-0.0480738712622,0.0182434128369,,,-0.029763039749,,-0.0590464544631,0.00955345285764,-0.0712838859103,-0.00571851398929,-0.094097094136,-0.103995586988,,0.0130320636076,-0.109742824171,,0.0388171113686,-0.0303371983542,0.013414186699,-0.0922585632901,-0.10431822507,-0.0990852983106,-0.0891475540011,0.0141448129407,0.0141204410869,-0.0841893171703,-0.0561335266857,-0.0682488576628,-0.0154751345558,0.098531712183,0.0141422788531,0.014770099056,0.10094662007,-0.135070143856,-0.0563418258112,-0.121034116438,,-0.0635816713525,0.0283100227805,-0.0226022464556,-0.0568656285448
observed_Leukemia_Per100k,-0.0552176778249,0.46379253274,0.0677086554377,0.332142981472,0.478545826239,0.451671725398,0.207619609603,0.331241578411,0.227884908998,1.0,0.165420931549,0.479170591159,0.163249608903,0.408951706436,0.18091859117,0.1671241522,0.504547975042,0.218687962552,0.40879520183,0.391335654449,0.16612129977,0.129950392661,0.123499004555,0.213404949846,0.275120245869,0.591765464154,-0.000828279236006,-0.0100928734996,-0.00985801777489,0.0431580452986,0.000410081422347,0.00462365982435,-0.00349665563755,0.0121489507679,0.00503210590758,0.0190730927508,0.019488412733,0.0192962749451,0.0213084240199,0.0240137421072,0.0239165540584,0.0225147559762,0.0131803837122,0.0225294063514,0.000157924939676,-0.00484441719609,-0.00457335758271,-0.0192165646174,0.0159002310385,0.0148387148451,0.0994990324907,-0.0552176778249,-0.0109119711335,0.382803023589,0.12341608527,0.15738091752,-0.169167994322,0.0599082029045,-0.0351418404272,-0.0742311339242,-0.210743228268,-0.120877771534,-0.193228565375,-0.179565272837,-0.242136600362,-0.22566399373,0.016953229301,0.00673144952897,,-0.0808083846938,-0.204920814202,-0.272804382106,,-0.241942329299,-0.021154353374,0.0146293483801,-0.161311971409,,-0.0153258629967,-0.269095779876,,,,0.0575503195406,-0.0261221237262,0.0567270762988,-0.23727171202,-0.26724653065,-0.00339436788563,-0.0694317590197,-0.157897131477,0.0360652896226,-0.190151776828,-0.188726332224,0.158913932467,,-0.153796281132,-0.219599549045,-0.155786486643,-0.0094661473656,0.00251897939544,-0.193960456417,,-0.111515160427,,,-0.140366160517,0.0756248837639,,,-0.0611543078761,,-0.169185781399,0.0165672273697,-0.196420391987,-0.0438532000131,-0.165597202102,-0.232059368787,,0.0342555808913,-0.229744124394,,0.0708834710353,-0.0620596293275,0.0584462763749,-0.207002014587,-0.254683096194,-0.207152748247,-0.221879787839,0.0603066763114,0.0602766207796,-0.236129416126,-0.138068593778,-0.145750745625,-0.0266710277114,0.0708710869278,0.0602910790982,0.0608953228024,0.103300368006,-0.215168116412,-0.164047859388,-0.229737164475,,-0.158879468364,0.0300733231034,-0.00654625832404,-0.160203135409
observed_Liver_Per100k,-0.0544411339122,0.23472278715,0.0119217807241,0.202278304511,0.248274729222,0.333665004427,0.125422701647,0.228367495461,0.252244611112,0.165420931549,1.0,0.300254670571,0.105501859184,0.210284087625,0.165390129351,0.192397078522,0.313921446958,0.112904912918,0.248637130284,0.208840468461,0.13417740244,0.216823743508,0.0113082092827,0.137220029651,0.162836706283,0.375628352134,-0.00563329228606,-0.00813298372185,-0.00840687514007,0.000539116875718,0.00254141014757,0.0024625114415,0.0133451880729,-0.0186179807134,-0.00238917349465,-0.0152490592697,-0.015484374633,-0.0153779245808,-0.00643082682535,-0.0149840151291,-0.0134582465595,-0.0204271249961,-0.0174098865507,-0.0241569425674,-0.000744958981992,-0.00730059156098,-0.00695844938209,-5.33552311858e-05,-0.0223896790462,-0.0220889205383,-0.0462694252969,-0.0544411339122,-0.0326892427676,0.111577556608,-0.123945847009,-0.116862236584,0.0772228752689,-0.0497945029833,-0.0334359873608,0.0352807818373,0.159600139027,0.102803633878,0.16349700755,0.0894281496341,0.14374245133,0.166411420949,0.000123266914356,0.000816232057829,,0.0546109159114,0.158334549386,0.137920845188,,0.132144362769,-0.0043598203366,0.00388684446302,0.102176972598,,0.00888929342627,0.13715161765,,,,-0.0198889586618,-0.00737125538749,-0.0191962407226,0.158986929788,0.132557937897,-0.0212573236756,0.0553428999237,0.0993413279618,-0.00458594789575,0.154914910308,0.159379160691,-0.0878941894741,,0.104881516741,0.147569879248,0.0967372612927,-0.00963131567607,0.0139265316773,0.155718434643,,-0.00792596452115,,,0.084166072548,-0.0246984289093,,,0.0405989252161,,0.078932637698,-0.00907934917421,0.16804895343,0.0126887014591,0.138176378059,0.130478647738,,-0.00823759411835,0.165172783405,,-0.0293302923949,0.0418592688456,-0.019479071675,0.105024387111,0.129500502966,0.152266454004,0.161174855435,-0.0197477240314,-0.0197732850882,0.168947650274,0.152288811659,0.0969933148654,0.0348631562328,-0.0161276278173,-0.0197595723592,-0.0200756989494,-0.0532130138137,0.104430676023,0.102609677494,0.125117369852,,0.0503159230577,-0.02792921731,-0.023455154064,0.101416521091
observed_Lung_Per100k,-0.147613638117,0.653721361846,0.0524215845842,0.468634288872,0.610982580471,0.665341130845,0.366411631885,0.530746557643,0.497154598954,0.479170591159,0.300254670571,1.0,0.323368541522,0.463457287334,0.334474948066,0.31095423302,0.62718956716,0.302138486463,0.495389631575,0.456401142028,0.165612859594,0.248680829058,0.144874520636,0.206749190228,0.411737870952,0.819018788896,0.0453883410329,0.0110577803024,0.0149489922258,0.0161247407601,0.0145685733752,0.0153952643797,0.0213557774685,0.00661525782051,0.0182406623512,0.032692153226,0.0332907140521,0.0330166308242,0.0445017762095,0.0343533387231,0.0372060870398,0.0758293265147,0.0125433562533,0.0541670215559,0.0184278708744,-0.00428131914274,-0.00280733671767,-0.0144818561313,0.0222360916328,0.0212973091127,0.261188550136,-0.147613638117,-0.0404463301834,0.426431871032,-0.0333368923992,0.0217034136695,-0.0861895897111,0.0224162355981,-0.112984162749,-0.069434182003,-0.239585915,-0.174929473579,-0.264079443529,-0.304584474406,-0.363127950708,-0.305432351809,0.0239740530603,0.0262339084981,,-0.119634631212,-0.299776896013,-0.380470697621,,-0.356818519645,0.0156187424362,0.0434684718976,-0.1988423148,,-0.0323541792809,-0.369808377349,,,,0.0846484674763,0.0343130023778,0.0829393348779,-0.345835359087,-0.363870394295,0.00972501348789,-0.114061973752,-0.188466524779,0.0885186319446,-0.264732260547,-0.247346893672,0.264133363221,,-0.213341658332,-0.305758038734,-0.278519841703,-0.000332947825861,0.00929881221111,-0.241695250854,,-0.181214027453,,,-0.168311673181,0.104878489634,,,-0.0770392256091,,-0.206447814197,0.0148510420341,-0.249317606956,-0.0498484006716,-0.244490667052,-0.342631803154,,0.049089468012,-0.330747435341,,0.131315949422,-0.0783361179249,0.0849187672296,-0.244335653484,-0.350424656636,-0.303901268956,-0.28730937301,0.0870895985097,0.0870939017506,-0.304855290968,-0.163028959931,-0.201397899814,-0.0163458808819,0.207966946953,0.0871009119763,0.0884920166667,0.240399027627,-0.356993107625,-0.200934987227,-0.344396314904,,-0.197220438986,0.0916172403711,-0.022901153877,-0.200714883584
observed_Mesothelioma_Per100k,-0.0414336645346,0.267144918897,-0.0255250986778,0.219923022213,0.263722781659,0.26778124014,0.21130567643,0.280656464975,0.215583048988,0.163249608903,0.105501859184,0.323368541522,1.0,0.19728147921,0.163846543592,0.0706147304977,0.274124499614,0.0816790174247,0.204936339589,0.180752741046,0.0203229581214,0.111727867142,0.039844501971,0.064737015443,0.285805998158,0.337861686849,0.0059649935747,-0.00757149907412,-0.00678103631759,0.0337125914465,0.00246843679775,0.00564844073236,-0.00629331701564,5.19615736542e-06,-0.00419080384447,0.0240632663955,0.022984362934,0.0235234733578,0.0226144730717,0.0204084303035,0.0212873122958,0.00527452231988,0.0223615677816,0.0184174481857,0.0209010512424,-0.00519506226284,-0.00350502824608,-0.00549961526783,-0.00256689487095,-0.00277433729621,0.0762742979349,-0.0414336645346,0.0360824348368,0.148852421411,0.0600872808137,0.0612543146678,-0.0522341814617,0.00119920099535,-0.0316451928393,-0.0111077460299,-0.0709099536007,-0.0634389996134,-0.0562454662625,-0.0883604968059,-0.112362471758,-0.0880784024732,0.00614963058275,0.0265384627234,,-0.0305402495545,-0.095628681164,-0.125485584315,,-0.113883080302,0.0122317898007,0.0296799325726,-0.0275372988899,,0.0200086565941,-0.114309586624,,,,0.042660288726,-0.0132455855612,0.0424238496259,-0.10078297551,-0.123867909529,-0.00992779657595,-0.0316310930326,-0.0306477601428,0.0756148100069,-0.0418046402179,-0.0751612635666,0.0892649072182,,-0.0288141844905,-0.0800373449142,-0.0797145956768,0.035190850983,0.0159842026464,-0.0431233900618,,-0.0408508295944,,,-0.0280644127502,0.0600512613537,,,-0.0247347531403,,-0.0748895529309,-0.00594893354483,-0.0819909751877,0.0157613748039,-0.0549086458345,-0.110446424655,,0.0184881932357,-0.0893583603127,,0.0424951621743,-0.0254263597825,0.0433471333732,-0.0746210346887,-0.1168573371,-0.0910542983445,-0.07114043622,0.0443420105842,0.0442844387124,-0.105849934266,-0.00303991461979,-0.0345173915918,0.0268891930998,0.0344182304718,0.0443002684029,0.0445388685407,0.0366634623539,-0.113690466331,-0.0275894426263,-0.0979894451527,,-0.0714417008585,0.0044135509944,-0.0111007070578,-0.0290922923603
observed_NHL_Per100k,-0.0495555013566,0.504000274114,0.047104627937,0.327342402401,0.533909156599,0.472336560442,0.24160106674,0.408535351472,0.196276534644,0.408951706436,0.210284087625,0.463457287334,0.19728147921,1.0,0.198425697292,0.252953788746,0.571189741219,0.272647593764,0.369692121066,0.481682606554,0.247311253561,0.163489754081,0.165917411667,0.309782219454,0.370826793331,0.65995520107,0.0240832307262,0.004311664388,0.00642446210425,0.031529766185,0.0349184513866,0.0362013899772,0.0165778631727,0.0180617115034,0.0219932031618,0.0412861396966,0.0406619887517,0.0409887303372,0.0545827797189,0.0346097137597,0.0395643160452,0.0194600162478,0.0195288397497,0.0250197188278,0.0336903699464,0.00371337159946,0.00578781189091,-0.0227326453369,0.0244634174276,0.0231311325262,0.0428852733344,-0.0495555013566,-0.0139137397014,0.415641918879,0.203763555754,0.244174735051,-0.214021619287,0.0522234227651,-0.0249217114737,-0.0801696717879,-0.15580052428,-0.0691126019264,-0.122734189619,-0.130752668154,-0.204723762871,-0.160377692407,0.0270513212403,-0.00895302828986,,-0.0755569238393,-0.144482191826,-0.242487084877,,-0.196650373175,-0.0175880381808,0.0248505972375,-0.128640290869,,-0.0132339753628,-0.236139196516,,,,0.0412892106515,-0.00609734866415,0.0401425425726,-0.180451492483,-0.243833422463,-0.0132362330405,-0.0368409055977,-0.127345672585,-0.00315758085719,-0.118565307413,-0.120003790933,0.103803352887,,-0.129956909857,-0.156048248569,-0.121794037687,-0.00770475998486,-0.00910577265851,-0.125147055665,,-0.109827578209,,,-0.116628928842,0.0421414993655,,,-0.0589606581944,,-0.134894678927,0.0322716523968,-0.134472096817,-0.053167427063,-0.0975615077675,-0.189362406637,,0.0353474123748,-0.165662447036,,0.058989700388,-0.0593840808792,0.0410248089103,-0.152867720596,-0.233068012389,-0.140759130375,-0.158989905251,0.0420582552974,0.0420528425005,-0.178992494583,-0.0694785865341,-0.119508507558,-0.0214018338557,0.0781130226673,0.04206108878,0.0424883770955,0.0835532773002,-0.169921914805,-0.130541733833,-0.176110873213,,-0.143394846118,0.0254498640414,-0.0129423035595,-0.125982096984
observed_Nasal_Per100k,-0.0362251922433,0.297733509105,0.027368362954,0.278252923594,0.300238709116,0.348960375183,0.13239124512,0.269953807164,0.298168143815,0.18091859117,0.165390129351,0.334474948066,0.163846543592,0.198425697292,1.0,0.0641617439976,0.269597107568,0.166328468055,0.205212886973,0.207342369684,0.116225503489,0.12148409956,0.0285376281537,0.119205311652,0.155664741335,0.36441354472,-0.0187713467191,0.0112267585864,0.00912887511248,-0.00808681991642,-0.00865149509998,-0.00899633543052,-0.00918305492448,-0.0139944572442,-0.0146004250583,-0.00563047351881,-0.00625850728173,-0.00595535536562,-0.00834011157662,-0.00842073224736,-0.00857190395868,-0.00782440337925,-0.0111267365799,-0.0122922540121,-0.00950061517984,-0.00610158070095,-0.00641488060075,-0.00486741061764,0.00676596693526,0.00646001870259,0.0715177848223,-0.0362251922433,-0.0183966994845,0.066231784772,-0.0132572620305,-0.0015388444082,-0.0368602364481,-0.0243957132591,-0.0213416762074,-0.00910579274669,-0.0326209476474,-0.0181120864755,-0.0466745828689,-0.057455250849,-0.0584561429957,-0.0460922537023,0.00616637371987,0.0053262428253,,-0.00434262754048,-0.0476766617814,-0.056185990622,,-0.0614067834729,0.0119791761599,-0.00251157354094,-0.0387431051369,,0.0365153510939,-0.0556557499662,,,,0.00558691176669,-0.0194349424816,0.0054850044502,-0.0553245198555,-0.0490738590927,-0.00258969775321,-0.0202420092173,-0.0296438763419,0.00346213328407,-0.0450890744065,-0.0341257161015,0.0513324790398,,-0.0389037777729,-0.0459774485035,-0.029463529488,0.00304812651188,0.00726826019937,-0.0396153445842,,-0.0336485180137,,,-0.0251290366474,0.0129541688558,,,0.00610292319177,,-0.0495254187868,0.000503622649218,-0.0352995422487,0.0191638454252,-0.0364679087083,-0.0690099414053,,0.0114104258581,-0.0521331014667,,0.0148492692058,0.00553028838645,0.00646811835352,-0.0479414131519,-0.0498296056171,-0.0535758850121,-0.0483592562319,0.00755562369188,0.00762680987171,-0.0410356264922,-0.0278720449328,-0.0413756998743,-0.013464510895,0.044342225415,0.00757729165594,0.00784639957768,0.0412604915058,-0.060428998188,-0.0382186664396,-0.056520261406,,-0.0299102118273,-0.00248731482318,-0.0115430236269,-0.0392336924573
observed_Oral_Per100k,-0.0709349504959,0.250313789899,0.0170896717815,0.0918412296466,0.290886425741,0.253403255181,0.15041538621,0.217166508507,0.148862646089,0.1671241522,0.192397078522,0.31095423302,0.0706147304977,0.252953788746,0.0641617439976,1.0,0.320955397842,0.153318643601,0.124072470035,0.229597559115,0.0952367170213,0.108629794752,0.122703737396,0.19816961287,0.158876118971,0.372000213675,0.0291017373052,0.0293326505896,0.0311397680568,0.0220906658223,0.0407281037266,0.0407835467348,-0.00502903303201,0.00411199183157,-0.000859528865707,0.0376892546372,0.0384019246881,0.0380749194628,0.0317294822425,0.0364718255563,0.0361890114123,0.0638168796481,0.022052840765,0.0534237006375,0.0232440394385,0.000920534653739,0.00243998731488,-0.00386089783938,0.0182723246322,0.0178549299484,0.125635775931,-0.0709349504959,-0.0154339955478,0.248537595815,0.0315349683529,0.0423417467082,-0.0640030510072,0.00967826680492,-0.0492511346773,-0.0298663834084,-0.102225461367,-0.0846532998957,-0.0940376525843,-0.131433587019,-0.174266016403,-0.131660168084,0.0142882864593,0.0435912316357,,-0.0544069939476,-0.130331524233,-0.181545693742,,-0.163572613954,0.00904158162345,-0.00341460572374,-0.0757028003156,,-0.00375197038997,-0.173366567202,,,,0.0785983482565,0.0355871628143,0.0781038651687,-0.159052423939,-0.172822230364,-0.00486862536725,-0.0439195229075,-0.0749873119357,0.0861962932903,-0.0932504267674,-0.102039557691,0.120931721975,,-0.0706867899533,-0.121541910668,-0.154550679091,-0.0138824894951,0.0298098918906,-0.0837348289027,,-0.148894695626,,,-0.0684367649886,0.0804743308136,,,-0.0453090313196,,-0.104141175857,0.0321464022373,-0.0988989602886,-0.017515496822,-0.102350447653,-0.173572493507,,0.0251387950285,-0.145098197793,,0.098027667027,-0.0460628269285,0.0786121944384,-0.101972908115,-0.160854312951,-0.124909905805,-0.122865165944,0.0790285462202,0.0790412853523,-0.13934852698,-0.0444982162163,-0.0795022948143,0.0340363678706,0.0887756078231,0.0790675866552,0.0795369227978,0.0948560281379,-0.178208043263,-0.0784138825653,-0.15342640457,,-0.122889953278,0.0249713290722,-0.0188009707513,-0.0779766642158
observed_Other_Per100k,-0.104341764279,0.658216448667,0.0284778901567,0.43382444051,0.676929523608,0.635721992462,0.323636337761,0.477660537659,0.322021229108,0.504547975042,0.313921446958,0.62718956716,0.274124499614,0.571189741219,0.269597107568,0.320955397842,1.0,0.358658300895,0.553210052141,0.630148217931,0.281832975213,0.19479976243,0.156307670757,0.34061420214,0.431211678058,0.859548756857,0.00821814659132,0.00488679321925,0.00550214481597,0.0231472679935,0.0206742892687,0.0218734134747,0.010971121947,0.0136667307952,0.0155934135634,0.000812690014899,0.00142087543408,0.00112478418049,0.0134359124651,-0.000278977961995,0.00264241335738,0.0216851648512,-0.0030847627648,0.0109419509503,0.015157152944,0.00629415454591,0.00697890994028,-0.0170016322024,0.00608564771229,0.00525454134012,0.109055430736,-0.104341764279,-0.0796794015529,0.523873130607,0.189242979556,0.253582663679,-0.18287176723,0.0543224435075,-0.0717951838063,-0.0687119623353,-0.157739933126,-0.103848927571,-0.120686179347,-0.16080235787,-0.248745470885,-0.181387767206,0.0196189572299,0.0246416129771,,-0.0885051814969,-0.175533484903,-0.288356135844,,-0.237804877102,-0.0142716960015,0.0166365719323,-0.122850219381,,-0.0125686667703,-0.276681496164,,,,0.0814996218614,0.0106649794592,0.0800942494665,-0.216894024931,-0.285243098145,-0.00837914416599,-0.0543321569733,-0.127445103587,0.0448295146729,-0.108688543919,-0.133509157965,0.141862162035,,-0.111848456855,-0.172280106854,-0.153615864397,-0.011154272893,0.0111963348105,-0.111991192997,,-0.125975506218,,,-0.103635700424,0.0935053539525,,,-0.0770105312895,,-0.166095633154,0.0236952188481,-0.154033487558,-0.00830549109874,-0.108874037292,-0.234179906139,,0.0360057652128,-0.193195145248,,0.103596964249,-0.0775709677369,0.0820288600405,-0.186222673031,-0.270116852228,-0.170719407951,-0.172854511202,0.08410867708,0.0841455160659,-0.215625669233,-0.0369491312816,-0.112207881442,0.0134834621034,0.133082422839,0.0841353564207,0.0849092082451,0.131557969516,-0.223884276726,-0.123965872716,-0.218170175914,,-0.168834794,0.0335292016748,-0.0167877473007,-0.124659643998
